              [,1]         [,2]         [,3]         [,4]         [,5]
 [1,] 1.000000e+00 0.000000e+00 0.000000e+00 0.000000e+00 0.000000e+00
 [2,] 1.000000e+00 0.000000e+00 0.000000e+00 0.000000e+00 0.000000e+00
 [3,] 0.000000e+00 0.000000e+00 0.000000e+00 0.000000e+00 0.000000e+00
 [4,] 0.000000e+00 0.000000e+00 0.000000e+00 0.000000e+00 0.000000e+00
 [5,] 0.000000e+00 0.000000e+00 0.000000e+00 0.000000e+00 0.000000e+00
 [6,] 0.000000e+00 0.000000e+00 0.000000e+00 0.000000e+00 0.000000e+00
 [7,] 0.000000e+00 0.000000e+00 0.000000e+00 0.000000e+00 0.000000e+00
 [8,] 0.000000e+00 0.000000e+00 0.000000e+00 0.000000e+00 0.000000e+00
 [9,] 0.000000e+00 0.000000e+00 0.000000e+00 1.000000e+00 0.000000e+00
[10,] 0.000000e+00 0.000000e+00 0.000000e+00 1.000000e+00 0.000000e+00
[11,] 0.000000e+00 0.000000e+00 0.000000e+00 1.000000e+00 0.000000e+00
[12,] 0.000000e+00 0.000000e+00 0.000000e+00 1.000000e+00 0.000000e+00
[13,] 0.000000e+00 1.000000e+00 0.000000e+00 0.000000e+00 0.000000e+00
[14,] 0.000000e+00 0.000000e+00 0.000000e+00 0.000000e+00 0.000000e+00
[15,] 0.000000e+00 1.000000e+00 0.000000e+00 0.000000e+00 0.000000e+00
[16,] 0.000000e+00 1.000000e+00 0.000000e+00 0.000000e+00 0.000000e+00
[17,] 0.000000e+00 0.000000e+00 0.000000e+00 1.000000e+00 0.000000e+00
[18,] 0.000000e+00 0.000000e+00 0.000000e+00 0.000000e+00 1.000000e+00
[19,] 0.000000e+00 0.000000e+00 0.000000e+00 1.000000e+00 0.000000e+00
[20,] 0.000000e+00 1.000000e+00 0.000000e+00 0.000000e+00 0.000000e+00
[21,] 0.000000e+00 1.000000e+00 0.000000e+00 0.000000e+00 0.000000e+00
[22,] 1.000000e+00 0.000000e+00 0.000000e+00 0.000000e+00 0.000000e+00
[23,] 1.000000e+00 0.000000e+00 0.000000e+00 0.000000e+00 0.000000e+00
[24,] 0.000000e+00 1.000000e+00 0.000000e+00 0.000000e+00 0.000000e+00
[25,] 0.000000e+00 0.000000e+00 0.000000e+00 0.000000e+00 1.000000e+00
[26,] 0.000000e+00 0.000000e+00 0.000000e+00 0.000000e+00 0.000000e+00
[27,] 0.000000e+00 1.000000e+00 0.000000e+00 0.000000e+00 0.000000e+00
[28,] 1.000000e+00 0.000000e+00 0.000000e+00 0.000000e+00 0.000000e+00
[29,] 0.000000e+00 0.000000e+00 0.000000e+00 0.000000e+00 0.000000e+00
[30,] 0.000000e+00 0.000000e+00 0.000000e+00 0.000000e+00 0.000000e+00
[31,] 0.000000e+00 0.000000e+00 0.000000e+00 1.000000e+00 0.000000e+00
[32,] 1.000000e+00 0.000000e+00 0.000000e+00 0.000000e+00 0.000000e+00
[33,] 0.000000e+00 0.000000e+00 1.000000e+00 0.000000e+00 0.000000e+00
[34,] 0.000000e+00 1.000000e+00 0.000000e+00 0.000000e+00 0.000000e+00
[35,] 0.000000e+00 0.000000e+00 0.000000e+00 0.000000e+00 0.000000e+00
[36,] 0.000000e+00 1.000000e+00 0.000000e+00 0.000000e+00 0.000000e+00
[37,] 0.000000e+00 1.000000e+00 0.000000e+00 0.000000e+00 0.000000e+00
[38,] 0.000000e+00 0.000000e+00 1.000000e+00 0.000000e+00 0.000000e+00
[39,] 0.000000e+00 0.000000e+00 0.000000e+00 1.000000e+00 0.000000e+00
[40,] 1.000000e+00 0.000000e+00 0.000000e+00 0.000000e+00 0.000000e+00
[41,] 0.000000e+00 1.000000e+00 0.000000e+00 0.000000e+00 0.000000e+00
[42,] 0.000000e+00 0.000000e+00 0.000000e+00 1.000000e+00 0.000000e+00
[43,] 0.000000e+00 0.000000e+00 0.000000e+00 1.000000e+00 0.000000e+00
[44,] 0.000000e+00 0.000000e+00 0.000000e+00 1.000000e+00 0.000000e+00
[45,] 6.210240e-01 4.154122e-02 4.970632e-04 3.338367e-01 4.927915e-04
[46,] 6.107912e-01 6.262160e-02 3.302589e-04 3.236713e-01 3.237758e-04
[47,] 3.184696e-02 5.671119e-01 1.122470e-04 3.918628e-01 5.323548e-05
[48,] 1.350247e-02 5.822394e-01 9.413748e-05 3.765185e-01 6.935492e-05
[49,] 1.782593e-04 6.830548e-03 2.142741e-05 2.861690e-01 2.113754e-05
[50,] 5.918641e-07 4.600322e-06 4.973622e-07 1.729208e-04 4.971875e-07
[51,] 6.847648e-08 2.515714e-07 6.415991e-08 7.939969e-06 6.415193e-08
[52,] 1.157160e-04 4.010476e-03 2.389464e-05 2.905103e-01 2.372493e-05
[53,] 1.555827e-05 4.354996e-05 1.489834e-05 2.102628e-03 1.489713e-05
[54,] 2.191606e-05 7.270120e-05 2.071877e-05 9.526545e-01 2.071655e-05
[55,] 4.451627e-06 1.001621e-05 4.320439e-06 9.604934e-01 4.320196e-06
[56,] 4.454004e-06 1.001536e-05 4.322892e-06 9.605163e-01 4.322649e-06
[57,] 7.402968e-03 6.215411e-01 1.096065e-04 3.553884e-01 9.624699e-05
[58,] 1.635222e-03 4.727734e-01 9.704730e-04 4.680275e-01 9.692553e-04
[59,] 2.350595e-03 5.395703e-01 2.013725e-03 2.387008e-01 2.013108e-03
[60,] 1.822966e-04 9.995368e-01 1.393487e-06 2.618192e-04 1.384904e-06
[61,] 4.333402e-06 9.999889e-01 5.204370e-08 6.215431e-06 5.184056e-08
[62,] 6.371755e-04 9.992629e-01 4.374525e-06 7.113019e-05 4.385499e-06
[63,] 3.918339e-08 9.999935e-01 6.135926e-10 6.390316e-06 2.045377e-08
[64,] 7.752705e-05 1.354948e-01 7.752183e-05 8.454567e-01 1.858333e-02
[65,] 1.858767e-04 6.449417e-02 1.858742e-04 8.407696e-01 9.362102e-02
[66,] 5.670081e-01 4.328458e-01 1.995351e-05 2.021851e-05 2.528806e-05
[67,] 6.198769e-01 3.799186e-01 2.903665e-05 2.908964e-05 3.010341e-05
[68,] 5.735500e-01 4.261550e-01 3.183438e-05 3.187027e-05 9.468380e-05
[69,] 7.840900e-03 9.859561e-01 3.320666e-06 3.320710e-06 5.384043e-03
[70,] 7.837723e-03 9.859577e-01 3.320479e-06 3.320523e-06 5.385921e-03
[71,] 7.672521e-03 9.825840e-01 9.879247e-06 9.879259e-06 1.590214e-03
[72,] 8.641586e-07 4.690954e-02 1.191362e-07 1.191362e-07 2.727888e-07
[73,] 8.226505e-03 9.873642e-01 9.922893e-06 9.922897e-06 5.415748e-04
[74,] 2.834728e-01 3.830215e-01 1.001487e-03 1.001487e-03 1.203222e-03
[75,] 1.160163e-05 1.193648e-02 1.241415e-07 1.240532e-07 1.316977e-07
[76,] 1.203565e-06 9.997269e-01 6.703222e-06 5.805433e-06 2.469810e-07
[77,] 1.079079e-06 9.998501e-01 6.580553e-06 5.682651e-06 1.235042e-07
[78,] 2.454823e-02 3.303598e-01 1.616918e-01 1.393481e-01 1.012336e-03
[79,] 4.119328e-02 2.183597e-01 2.746048e-01 2.365769e-01 1.136380e-03
[80,] 1.135578e-01 3.604083e-02 7.722041e-01 3.901939e-02 5.242971e-04
[81,] 2.346014e-02 5.693215e-01 2.387521e-04 4.050995e-01 3.548110e-05
[82,] 2.399903e-02 5.677432e-01 6.757332e-04 4.055746e-01 9.241144e-05
[83,] 1.307990e-03 8.737699e-01 1.086726e-01 1.347032e-02 5.459917e-04
[84,] 1.174058e-01 2.218575e-01 3.411863e-03 6.407937e-01 3.187156e-03
[85,] 4.206501e-03 5.709760e-01 2.919538e-04 4.229500e-01 2.576874e-04
[86,] 4.471837e-05 2.962503e-03 2.456590e-05 9.968448e-01 2.438949e-05
              [,6]         [,7]         [,8]         [,9]
 [1,] 0.000000e+00 0.000000e+00 0.000000e+00 0.000000e+00
 [2,] 0.000000e+00 0.000000e+00 0.000000e+00 0.000000e+00
 [3,] 0.000000e+00 0.000000e+00 0.000000e+00 1.000000e+00
 [4,] 0.000000e+00 0.000000e+00 0.000000e+00 1.000000e+00
 [5,] 0.000000e+00 0.000000e+00 0.000000e+00 1.000000e+00
 [6,] 0.000000e+00 0.000000e+00 0.000000e+00 1.000000e+00
 [7,] 0.000000e+00 0.000000e+00 0.000000e+00 1.000000e+00
 [8,] 0.000000e+00 0.000000e+00 0.000000e+00 1.000000e+00
 [9,] 0.000000e+00 0.000000e+00 0.000000e+00 0.000000e+00
[10,] 0.000000e+00 0.000000e+00 0.000000e+00 0.000000e+00
[11,] 0.000000e+00 0.000000e+00 0.000000e+00 0.000000e+00
[12,] 0.000000e+00 0.000000e+00 0.000000e+00 0.000000e+00
[13,] 0.000000e+00 0.000000e+00 0.000000e+00 0.000000e+00
[14,] 0.000000e+00 1.000000e+00 0.000000e+00 0.000000e+00
[15,] 0.000000e+00 0.000000e+00 0.000000e+00 0.000000e+00
[16,] 0.000000e+00 0.000000e+00 0.000000e+00 0.000000e+00
[17,] 0.000000e+00 0.000000e+00 0.000000e+00 0.000000e+00
[18,] 0.000000e+00 0.000000e+00 0.000000e+00 0.000000e+00
[19,] 0.000000e+00 0.000000e+00 0.000000e+00 0.000000e+00
[20,] 0.000000e+00 0.000000e+00 0.000000e+00 0.000000e+00
[21,] 0.000000e+00 0.000000e+00 0.000000e+00 0.000000e+00
[22,] 0.000000e+00 0.000000e+00 0.000000e+00 0.000000e+00
[23,] 0.000000e+00 0.000000e+00 0.000000e+00 0.000000e+00
[24,] 0.000000e+00 0.000000e+00 0.000000e+00 0.000000e+00
[25,] 0.000000e+00 0.000000e+00 0.000000e+00 0.000000e+00
[26,] 1.000000e+00 0.000000e+00 0.000000e+00 0.000000e+00
[27,] 0.000000e+00 0.000000e+00 0.000000e+00 0.000000e+00
[28,] 0.000000e+00 0.000000e+00 0.000000e+00 0.000000e+00
[29,] 0.000000e+00 0.000000e+00 1.000000e+00 0.000000e+00
[30,] 0.000000e+00 1.000000e+00 0.000000e+00 0.000000e+00
[31,] 0.000000e+00 0.000000e+00 0.000000e+00 0.000000e+00
[32,] 0.000000e+00 0.000000e+00 0.000000e+00 0.000000e+00
[33,] 0.000000e+00 0.000000e+00 0.000000e+00 0.000000e+00
[34,] 0.000000e+00 0.000000e+00 0.000000e+00 0.000000e+00
[35,] 0.000000e+00 0.000000e+00 0.000000e+00 1.000000e+00
[36,] 0.000000e+00 0.000000e+00 0.000000e+00 0.000000e+00
[37,] 0.000000e+00 0.000000e+00 0.000000e+00 0.000000e+00
[38,] 0.000000e+00 0.000000e+00 0.000000e+00 0.000000e+00
[39,] 0.000000e+00 0.000000e+00 0.000000e+00 0.000000e+00
[40,] 0.000000e+00 0.000000e+00 0.000000e+00 0.000000e+00
[41,] 0.000000e+00 0.000000e+00 0.000000e+00 0.000000e+00
[42,] 0.000000e+00 0.000000e+00 0.000000e+00 0.000000e+00
[43,] 0.000000e+00 0.000000e+00 0.000000e+00 0.000000e+00
[44,] 0.000000e+00 0.000000e+00 0.000000e+00 0.000000e+00
[45,] 4.927915e-04 4.969274e-04 4.927915e-04 1.125663e-03
[46,] 3.237758e-04 3.300528e-04 3.237758e-04 1.284264e-03
[47,] 5.323547e-05 1.103709e-04 5.323547e-05 8.795966e-03
[48,] 6.935490e-05 2.465991e-04 6.935490e-05 2.719082e-02
[49,] 2.113754e-05 2.321069e-05 2.113754e-05 7.067142e-01
[50,] 4.971875e-07 4.984367e-07 4.971875e-07 9.998194e-01
[51,] 6.415193e-08 6.420899e-08 6.415193e-08 9.999914e-01
[52,] 2.372493e-05 2.493871e-05 2.372493e-05 7.052435e-01
[53,] 1.489713e-05 1.490585e-05 1.489713e-05 9.977638e-01
[54,] 2.071655e-05 2.073238e-05 2.071655e-05 4.714732e-02
[55,] 4.320196e-06 4.321930e-06 4.320196e-06 3.947055e-02
[56,] 4.322649e-06 4.324383e-06 4.322649e-06 3.944765e-02
[57,] 9.624694e-05 5.525307e-04 9.624694e-05 1.471667e-02
[58,] 9.692553e-04 5.138384e-02 9.692553e-04 2.301825e-03
[59,] 2.013108e-03 2.086369e-01 2.013108e-03 2.688404e-03
[60,] 1.383951e-06 1.711294e-06 1.383904e-06 1.187435e-05
[61,] 5.181800e-08 5.956511e-08 5.181690e-08 3.000900e-07
[62,] 4.372889e-06 4.450427e-06 4.372270e-06 6.877689e-06
[63,] 6.134929e-10 6.182189e-10 6.134552e-10 7.661627e-10
[64,] 7.752183e-05 7.752183e-05 7.752183e-05 7.752185e-05
[65,] 1.858742e-04 1.858742e-04 1.858742e-04 1.858742e-04
[66,] 2.070559e-05 1.995381e-05 1.999359e-05 1.996345e-05
[67,] 2.918704e-05 2.903671e-05 2.904466e-05 2.903863e-05
[68,] 4.069522e-05 3.183443e-05 3.230675e-05 3.183573e-05
[69,] 7.619228e-04 3.320666e-06 4.376158e-05 3.320668e-06
[70,] 7.616151e-04 3.320479e-06 4.374500e-05 3.320481e-06
[71,] 7.694176e-03 9.879247e-06 4.195274e-04 9.879249e-06
[72,] 9.530887e-01 1.191362e-07 1.589654e-07 1.191362e-07
[73,] 2.595053e-03 9.922894e-06 1.232981e-03 9.922898e-06
[74,] 1.982412e-03 1.001488e-03 3.263142e-01 1.001489e-03
[75,] 1.633357e-07 1.248460e-07 9.880511e-01 1.284452e-07
[76,] 2.469872e-07 1.386629e-05 1.945754e-04 5.046097e-05
[77,] 1.235073e-07 1.374452e-05 9.728633e-05 2.523015e-05
[78,] 1.012336e-03 3.399625e-01 1.044341e-03 1.020606e-03
[79,] 1.136380e-03 2.246932e-01 1.157489e-03 1.141834e-03
[80,] 5.242971e-04 3.707637e-02 5.277485e-04 5.251889e-04
[81,] 3.548110e-05 4.653621e-05 3.548110e-05 1.727107e-03
[82,] 9.241144e-05 1.024451e-04 9.241144e-05 1.627736e-03
[83,] 5.459917e-04 5.463116e-04 5.459917e-04 5.949286e-04
[84,] 3.187156e-03 3.191022e-03 3.187156e-03 3.778594e-03
[85,] 2.576874e-04 2.595510e-04 2.576874e-04 5.428534e-04
[86,] 2.438949e-05 2.439909e-05 2.438949e-05 2.585756e-05
