           [,1] [,2] [,3]      [,4]      [,5] [,6] [,7] [,8] [,9]
 [1,] 0.0000000 1.00 0.00 0.0000000 0.0000000 0.00    0 0.00 0.00
 [2,] 0.0000000 1.00 0.00 0.0000000 0.0000000 0.00    0 0.00 0.00
 [3,] 0.0000000 0.00 0.00 0.0000000 0.0000000 0.00    0 0.00 1.00
 [4,] 0.0000000 0.00 0.00 0.0000000 0.0000000 0.00    1 0.00 0.00
 [5,] 0.0000000 0.00 0.00 0.0000000 0.0000000 0.00    0 0.00 1.00
 [6,] 0.0000000 0.00 0.00 0.0000000 0.0000000 0.00    0 0.00 1.00
 [7,] 0.0000000 0.00 0.00 0.0000000 0.0000000 0.00    0 0.00 1.00
 [8,] 0.0000000 0.00 0.00 0.0000000 0.0000000 0.00    0 1.00 0.00
 [9,] 0.0000000 1.00 0.00 0.0000000 0.0000000 0.00    0 0.00 0.00
[10,] 0.0000000 1.00 0.00 0.0000000 0.0000000 0.00    0 0.00 0.00
[11,] 0.0000000 0.00 1.00 0.0000000 0.0000000 0.00    0 0.00 0.00
[12,] 0.0000000 1.00 0.00 0.0000000 0.0000000 0.00    0 0.00 0.00
[13,] 0.0000000 0.00 0.00 1.0000000 0.0000000 0.00    0 0.00 0.00
[14,] 0.0000000 1.00 0.00 0.0000000 0.0000000 0.00    0 0.00 0.00
[15,] 0.0000000 0.00 0.00 1.0000000 0.0000000 0.00    0 0.00 0.00
[16,] 0.0000000 0.00 0.00 1.0000000 0.0000000 0.00    0 0.00 0.00
[17,] 1.0000000 0.00 0.00 0.0000000 0.0000000 0.00    0 0.00 0.00
[18,] 0.0000000 0.00 0.00 1.0000000 0.0000000 0.00    0 0.00 0.00
[19,] 1.0000000 0.00 0.00 0.0000000 0.0000000 0.00    0 0.00 0.00
[20,] 0.0000000 0.00 0.00 1.0000000 0.0000000 0.00    0 0.00 0.00
[21,] 0.0000000 0.00 0.00 0.0000000 1.0000000 0.00    0 0.00 0.00
[22,] 1.0000000 0.00 0.00 0.0000000 0.0000000 0.00    0 0.00 0.00
[23,] 0.0000000 1.00 0.00 0.0000000 0.0000000 0.00    0 0.00 0.00
[24,] 0.0000000 0.00 0.00 1.0000000 0.0000000 0.00    0 0.00 0.00
[25,] 0.0000000 0.00 0.00 0.0000000 1.0000000 0.00    0 0.00 0.00
[26,] 0.0000000 0.00 0.00 0.0000000 0.0000000 0.00    1 0.00 0.00
[27,] 0.0000000 0.00 0.00 1.0000000 0.0000000 0.00    0 0.00 0.00
[28,] 0.0000000 1.00 0.00 0.0000000 0.0000000 0.00    0 0.00 0.00
[29,] 0.0000000 0.00 0.00 0.0000000 0.0000000 1.00    0 0.00 0.00
[30,] 0.0000000 1.00 0.00 0.0000000 0.0000000 0.00    0 0.00 0.00
[31,] 0.0000000 0.00 1.00 0.0000000 0.0000000 0.00    0 0.00 0.00
[32,] 1.0000000 0.00 0.00 0.0000000 0.0000000 0.00    0 0.00 0.00
[33,] 0.0000000 0.00 0.00 0.0000000 0.0000000 0.00    0 1.00 0.00
[34,] 0.0000000 0.00 0.00 0.0000000 1.0000000 0.00    0 0.00 0.00
[35,] 0.0000000 0.00 0.00 0.0000000 0.0000000 0.00    0 1.00 0.00
[36,] 0.0000000 0.00 0.00 1.0000000 0.0000000 0.00    0 0.00 0.00
[37,] 0.0000000 0.00 0.00 0.0000000 1.0000000 0.00    0 0.00 0.00
[38,] 0.0000000 0.00 0.00 0.0000000 0.0000000 0.00    0 0.00 1.00
[39,] 0.0000000 0.00 1.00 0.0000000 0.0000000 0.00    0 0.00 0.00
[40,] 0.0000000 0.00 1.00 0.0000000 0.0000000 0.00    0 0.00 0.00
[41,] 0.0000000 0.00 0.00 1.0000000 0.0000000 0.00    0 0.00 0.00
[42,] 0.0000000 1.00 0.00 0.0000000 0.0000000 0.00    0 0.00 0.00
[43,] 0.0000000 1.00 0.00 0.0000000 0.0000000 0.00    0 0.00 0.00
[44,] 0.0000000 1.00 0.00 0.0000000 0.0000000 0.00    0 0.00 0.00
[45,] 0.0000000 1.00 0.00 0.0000000 0.0000000 0.00    0 0.00 0.00
[46,] 0.0000000 1.00 0.00 0.0000000 0.0000000 0.00    0 0.00 0.00
[47,] 0.0000000 1.00 0.00 0.0000000 0.0000000 0.00    0 0.00 0.00
[48,] 0.0000000 1.00 0.00 0.0000000 0.0000000 0.00    0 0.00 0.00
[49,] 0.0000000 0.50 0.00 0.0000000 0.0000000 0.00    0 0.00 0.50
[50,] 0.0000000 0.00 0.00 0.0000000 0.0000000 0.00    0 0.00 1.00
[51,] 0.0000000 0.00 0.00 0.0000000 0.0000000 0.00    0 0.00 1.00
[52,] 0.0000000 0.50 0.00 0.0000000 0.0000000 0.00    0 0.00 0.50
[53,] 0.0000000 0.00 0.00 0.0000000 0.0000000 0.00    0 0.00 1.00
[54,] 0.0000000 0.25 0.25 0.0000000 0.0000000 0.00    0 0.25 0.25
[55,] 0.0000000 0.25 0.25 0.0000000 0.0000000 0.00    0 0.25 0.25
[56,] 0.0000000 1.00 0.00 0.0000000 0.0000000 0.00    0 0.00 0.00
[57,] 0.0000000 1.00 0.00 0.0000000 0.0000000 0.00    0 0.00 0.00
[58,] 0.0000000 1.00 0.00 0.0000000 0.0000000 0.00    0 0.00 0.00
[59,] 0.0000000 1.00 0.00 0.0000000 0.0000000 0.00    0 0.00 0.00
[60,] 0.0000000 0.00 0.00 1.0000000 0.0000000 0.00    0 0.00 0.00
[61,] 0.0000000 0.00 0.00 1.0000000 0.0000000 0.00    0 0.00 0.00
[62,] 0.0000000 0.00 0.00 1.0000000 0.0000000 0.00    0 0.00 0.00
[63,] 0.0000000 0.00 0.00 1.0000000 0.0000000 0.00    0 0.00 0.00
[64,] 0.5000000 0.00 0.00 0.5000000 0.0000000 0.00    0 0.00 0.00
[65,] 0.5000000 0.00 0.00 0.5000000 0.0000000 0.00    0 0.00 0.00
[66,] 0.0000000 0.00 0.00 1.0000000 0.0000000 0.00    0 0.00 0.00
[67,] 0.3333333 0.00 0.00 0.3333333 0.3333333 0.00    0 0.00 0.00
[68,] 0.0000000 0.00 0.00 1.0000000 0.0000000 0.00    0 0.00 0.00
[69,] 0.0000000 0.00 0.00 1.0000000 0.0000000 0.00    0 0.00 0.00
[70,] 0.0000000 0.00 0.00 1.0000000 0.0000000 0.00    0 0.00 0.00
[71,] 0.0000000 0.00 0.00 1.0000000 0.0000000 0.00    0 0.00 0.00
[72,] 0.0000000 0.00 0.00 1.0000000 0.0000000 0.00    0 0.00 0.00
[73,] 0.0000000 0.00 0.00 1.0000000 0.0000000 0.00    0 0.00 0.00
[74,] 0.0000000 0.25 0.00 0.2500000 0.0000000 0.25    0 0.25 0.00
[75,] 0.0000000 0.25 0.00 0.2500000 0.0000000 0.25    0 0.25 0.00
[76,] 0.0000000 0.50 0.00 0.0000000 0.0000000 0.00    0 0.50 0.00
[77,] 0.0000000 0.50 0.00 0.0000000 0.0000000 0.00    0 0.50 0.00
[78,] 0.0000000 0.50 0.00 0.0000000 0.0000000 0.00    0 0.50 0.00
[79,] 0.2500000 0.25 0.25 0.0000000 0.0000000 0.00    0 0.25 0.00
[80,] 0.2500000 0.25 0.25 0.0000000 0.0000000 0.00    0 0.25 0.00
[81,] 0.0000000 1.00 0.00 0.0000000 0.0000000 0.00    0 0.00 0.00
[82,] 0.0000000 0.25 0.25 0.0000000 0.2500000 0.00    0 0.00 0.25
[83,] 0.0000000 0.25 0.25 0.0000000 0.2500000 0.00    0 0.00 0.25
[84,] 0.0000000 0.00 1.00 0.0000000 0.0000000 0.00    0 0.00 0.00
[85,] 0.0000000 1.00 0.00 0.0000000 0.0000000 0.00    0 0.00 0.00
[86,] 0.0000000 1.00 0.00 0.0000000 0.0000000 0.00    0 0.00 0.00
